0 0.8584380149841309
1 0.7150132656097412
2 0.6823740601539612
3 0.6698077321052551
4 0.6540820598602295
5 0.6381773352622986
6 0.6303955316543579
7 0.6017279624938965
8 0.5931774377822876
9 0.5625600814819336
10 0.5136284828186035
11 0.4730274975299835
12 0.45272091031074524
13 0.4366639256477356
14 0.41816896200180054
15 0.4052225649356842
16 0.39133185148239136
17 0.38405415415763855
18 0.36492720246315
19 0.35618263483047485
20 0.3507957458496094
21 0.3425470292568207
22 0.3304409086704254
23 0.3110111951828003
24 0.30357620120048523
