0 0.9935318827629089
1 0.9035160541534424
2 0.7556838989257812
3 0.7316603660583496
4 0.7069676518440247
5 0.6525949835777283
6 0.6373520493507385
7 0.6371002793312073
8 0.6078112125396729
9 0.6026379466056824
10 0.5863559246063232
11 0.5869548320770264
12 0.5357599854469299
13 0.482305645942688
14 0.4498651623725891
15 0.42454639077186584
16 0.4207759499549866
17 0.3943037986755371
18 0.40174293518066406
19 0.36743563413619995
20 0.3708662688732147
21 0.34782397747039795
22 0.34293869137763977
23 0.3374899923801422
24 0.30665141344070435
25 0.3184792101383209
26 0.2972308099269867
27 0.2896218001842499
28 0.2841989994049072
29 0.2701253890991211
30 0.260550856590271
31 0.2619062066078186
32 0.25709661841392517
