0 0.8278830647468567
1 0.7090685963630676
2 0.67445307970047
3 0.6597922444343567
4 0.6511786580085754
5 0.6459940075874329
6 0.615574300289154
7 0.6138632893562317
8 0.5942000150680542
9 0.5894902944564819
10 0.540805995464325
11 0.5229698419570923
12 0.5016517639160156
13 0.477802038192749
14 0.47990939021110535
15 0.4796925187110901
16 0.44743335247039795
17 0.4203976094722748
18 0.4210653007030487
19 0.41902846097946167
20 0.4005873501300812
21 0.4001339375972748
22 0.39127689599990845
23 0.37017348408699036
24 0.3496089279651642
25 0.3431412875652313
26 0.3380264341831207
27 0.33243608474731445
28 0.32291916012763977
29 0.3070012032985687
30 0.29931625723838806
