0 0.9493115544319153
1 0.8077988624572754
2 0.7354787588119507
3 0.7119903564453125
4 0.6935197710990906
5 0.6613723635673523
6 0.6547402143478394
7 0.6481688618659973
8 0.6371189951896667
9 0.6224451065063477
10 0.6202864050865173
11 0.607685387134552
12 0.6047571897506714
13 0.6027141809463501
14 0.5891575217247009
15 0.5800801515579224
16 0.5696789622306824
17 0.5619703531265259
18 0.5322918891906738
19 0.5137927532196045
20 0.5008347034454346
21 0.48756709694862366
22 0.4689941108226776
23 0.45743635296821594
24 0.44790175557136536
25 0.4309375584125519
26 0.4248535931110382
27 0.41481491923332214
28 0.4048650860786438
29 0.40337061882019043
