0 0.9398258924484253
1 0.8129067420959473
2 0.747783899307251
3 0.6958327293395996
4 0.6738038659095764
5 0.6567953824996948
6 0.6446980237960815
7 0.6190374493598938
8 0.6193642020225525
9 0.6059749126434326
10 0.5903809666633606
11 0.5714619159698486
12 0.5665518045425415
13 0.541901171207428
14 0.5034919381141663
15 0.4843509793281555
16 0.45307615399360657
17 0.4397725760936737
18 0.42481884360313416
19 0.40413203835487366
20 0.39676010608673096
21 0.37845945358276367
22 0.3708969056606293
23 0.35525500774383545
24 0.32964494824409485
25 0.3302581012248993
26 0.3195067048072815
27 0.3044075667858124
28 0.2969139814376831
